0.2835949273732176
0.24480697778959526
0.018245583724710513
0.1314797095207949
0.18493845843941573
-0.04433000416855873
-0.012426427606324278
-0.046895475607919374
0.13936160942048012
0.026682433442497402
0.0026177088744597345
0.16263226879113446
---
0.2876998724251121
0.2811445522467881
0.2884304851867364
0.16832454341934971
---
0.4532718459117166
0.522011525632148
0.37983132593129143
0.6257922335516839
0.6614328850835267
0.6597593739936176
0.5163139934863741
0.4318692245309249
0.6064478335755843
0.5669465125246914
0.6666854075557741
0.6459118907983628
0.7238906396657946
0.5867686571457675
0.5567623259587474
0.4541155862633849
---
1.1788653637074618
1.0025343872702233
1.0215473300027416
1.1928211324478017
---
0.04083598583709059
0.018180838159456564
0.03895919782977611
0.03988392589958624
---
-0.10518848502603184
---
